52,1
52,3
66,35
3,2
10,144
10,252
10,88
10,292
10,146
10,10
10,126
10,64
10,2
10,3
11,15
9,4
9,6
9,2
9,3
8,4
8,5
8,13
8,17
8,2
8,3
0,452
20,3
20,2
20,1
19,3
19,2
19,1
12,3
12,2
12,1
11,30
11,29
11,28
11,27
11,26
11,25
11,24
11,23
11,22
11,21
11,20
11,19
11,18
11,14
11,13
11,12
11,11
11,10
11,8
11,7
11,6
11,5
11,3
11,2
11,1
10,317
10,316
10,315
10,314
10,313
10,312
10,311
10,310
10,309
10,308
10,307
10,306
10,305
10,304
18,1
10,303
10,302
18,3
10,301
10,300
10,297
10,248
10,241
14,1
10,229
14,3
10,213
13,1
10,211
10,123
13,3
10,1
10,99
9,7
9,1
